,Payment,Principal,Interest,Extra Principal,Balance
1,1352.05445754,362.054457539,990.0,6235,263402.945542
2,1352.05445754,386.243657216,965.810800322,3400,259616.701885
3,1352.05445754,400.126550626,951.927906913,1475,257741.575335
4,1352.05445754,407.002014645,945.052442894,1200,256134.57332
5,1352.05445754,412.894355365,939.160102173,1525,254196.678965
6,1352.05445754,419.999968002,932.054489537,1175,252601.678997
7,1352.05445754,425.848301218,926.206156321,0,252175.830695
8,1352.05445754,427.409744989,924.64471255,0,251748.42095
9,1352.05445754,428.976914054,923.077543485,0,251319.444036
10,1352.05445754,430.549829405,921.504628133,0,250888.894207
11,1352.05445754,432.128512113,919.925945425,0,250456.765695
12,1352.05445754,433.712983324,918.341474214,0,250023.052712
13,1352.05445754,435.303264263,916.751193276,0,249587.749447
14,1352.05445754,436.899376232,915.155081307,0,249150.850071
15,1352.05445754,438.501340611,913.553116927,0,248712.34873
16,1352.05445754,440.10917886,911.945278678,0,248272.239552
17,1352.05445754,441.722912516,910.331545022,0,247830.516639
18,1352.05445754,443.342563195,908.711894343,0,247387.174076
19,1352.05445754,444.968152594,907.086304945,0,246942.205923
20,1352.05445754,446.599702487,905.454755052,0,246495.606221
21,1352.05445754,448.237234729,903.817222809,0,246047.368986
22,1352.05445754,449.880771256,902.173686282,0,245597.488215
23,1352.05445754,451.530334084,900.524123454,0,245145.957881
24,1352.05445754,453.185945309,898.868512229,0,244692.771935
25,1352.05445754,454.847627109,897.20683043,0,244237.924308
26,1352.05445754,456.515401742,895.539055797,0,243781.408907
27,1352.05445754,458.189291548,893.865165991,0,243323.219615
28,1352.05445754,459.86931895,892.185138588,0,242863.350296
29,1352.05445754,461.555506453,890.498951085,0,242401.79479
30,1352.05445754,463.247876643,888.806580895,0,241938.546913
31,1352.05445754,464.946452191,887.108005347,0,241473.600461
32,1352.05445754,466.651255849,885.403201689,0,241006.949205
33,1352.05445754,468.362310454,883.692147085,0,240538.586894
34,1352.05445754,470.079638926,881.974818613,0,240068.507256
35,1352.05445754,471.803264268,880.25119327,0,239596.703991
36,1352.05445754,473.533209571,878.521247968,0,239123.170782
37,1352.05445754,475.269498006,876.784959533,0,238647.901284
38,1352.05445754,477.012152832,875.042304707,0,238170.889131
39,1352.05445754,478.761197392,873.293260146,0,237692.127933
40,1352.05445754,480.516655116,871.537802423,0,237211.611278
41,1352.05445754,482.278549518,869.77590802,0,236729.332729
42,1352.05445754,484.0469042,868.007553339,0,236245.285825
43,1352.05445754,485.821742848,866.23271469,0,235759.464082
44,1352.05445754,487.603089239,864.4513683,0,235271.860993
45,1352.05445754,489.390967233,862.663490306,0,234782.470025
46,1352.05445754,491.185400779,860.869056759,0,234291.284625
47,1352.05445754,492.986413915,859.068043623,0,233798.298211
48,1352.05445754,494.794030766,857.260426772,0,233303.50418
49,1352.05445754,496.608275546,855.446181993,0,232806.895904
50,1352.05445754,498.429172556,853.625284982,0,232308.466732
51,1352.05445754,500.256746189,851.79771135,0,231808.209986
52,1352.05445754,502.091020925,849.963436614,0,231306.118965
53,1352.05445754,503.932021335,848.122436204,0,230802.186943
54,1352.05445754,505.77977208,846.274685459,0,230296.407171
55,1352.05445754,507.634297911,844.420159628,0,229788.772873
56,1352.05445754,509.49562367,842.558833869,0,229279.27725
57,1352.05445754,511.36377429,840.690683249,0,228767.913475
58,1352.05445754,513.238774796,838.815682743,0,228254.674701
59,1352.05445754,515.120650303,836.933807235,0,227739.55405
60,1352.05445754,517.009426021,835.045031517,0,227222.544624
61,1352.05445754,518.90512725,833.149330289,0,226703.639497
62,1352.05445754,520.807779383,831.246678155,0,226182.831718
63,1352.05445754,522.717407907,829.337049631,0,225660.11431
64,1352.05445754,524.634038403,827.420419135,0,225135.480271
65,1352.05445754,526.557696544,825.496760995,0,224608.922575
66,1352.05445754,528.488408098,823.566049441,0,224080.434167
67,1352.05445754,530.426198928,821.628258611,0,223550.007968
68,1352.05445754,532.37109499,819.683362548,0,223017.636873
69,1352.05445754,534.323122339,817.7313352,0,222483.31375
70,1352.05445754,536.282307121,815.772150418,0,221947.031443
71,1352.05445754,538.24867558,813.805781959,0,221408.782768
72,1352.05445754,540.222254057,811.832203481,0,220868.560514
73,1352.05445754,542.203068989,809.85138855,0,220326.357445
74,1352.05445754,544.191146908,807.86331063,0,219782.166298
75,1352.05445754,546.186514447,805.867943092,0,219235.979783
76,1352.05445754,548.189198333,803.865259205,0,218687.790585
77,1352.05445754,550.199225394,801.855232145,0,218137.59136
78,1352.05445754,552.216622554,799.837834985,0,217585.374737
79,1352.05445754,554.241416836,797.813040702,0,217031.13332
80,1352.05445754,556.273635365,795.780822174,0,216474.859685
81,1352.05445754,558.313305361,793.741152177,0,215916.546379
82,1352.05445754,560.360454147,791.694003391,0,215356.185925
83,1352.05445754,562.415109146,789.639348393,0,214793.770816
84,1352.05445754,564.477297879,787.577159659,0,214229.293518
85,1352.05445754,566.547047972,785.507409567,0,213662.74647
86,1352.05445754,568.624387148,783.430070391,0,213094.122083
87,1352.05445754,570.709343234,781.345114305,0,212523.41274
88,1352.05445754,572.801944159,779.25251338,0,211950.610796
89,1352.05445754,574.902217954,777.152239584,0,211375.708578
90,1352.05445754,577.010192753,775.044264785,0,210798.698385
91,1352.05445754,579.125896793,772.928560745,0,210219.572488
92,1352.05445754,581.249358415,770.805099123,0,209638.32313
93,1352.05445754,583.380606063,768.673851476,0,209054.942524
94,1352.05445754,585.519668285,766.534789254,0,208469.422855
95,1352.05445754,587.666573735,764.387883803,0,207881.756282
96,1352.05445754,589.821351172,762.233106366,0,207291.934931
97,1352.05445754,591.98402946,760.070428079,0,206699.950901
98,1352.05445754,594.154637568,757.899819971,0,206105.796264
99,1352.05445754,596.333204572,755.721252966,0,205509.463059
100,1352.05445754,598.519759656,753.534697883,0,204910.943299
101,1352.05445754,600.714332108,751.340125431,0,204310.228967
102,1352.05445754,602.916951325,749.137506213,0,203707.312016
103,1352.05445754,605.127646814,746.926810725,0,203102.184369
104,1352.05445754,607.346448185,744.708009353,0,202494.837921
105,1352.05445754,609.573385162,742.481072377,0,201885.264536
106,1352.05445754,611.808487574,740.245969964,0,201273.456048
107,1352.05445754,614.051785362,738.002672176,0,200659.404263
108,1352.05445754,616.303308575,735.751148963,0,200043.100954
109,1352.05445754,618.563087373,733.491370165,0,199424.537867
110,1352.05445754,620.831152027,731.223305512,0,198803.706715
111,1352.05445754,623.107532918,728.946924621,0,198180.599182
112,1352.05445754,625.392260538,726.662197,0,197555.206921
113,1352.05445754,627.685365494,724.369092045,0,196927.521556
114,1352.05445754,629.9868785,722.067579038,0,196297.534677
115,1352.05445754,632.296830388,719.75762715,0,195665.237847
116,1352.05445754,634.6152521,717.439205439,0,195030.622595
117,1352.05445754,636.942174691,715.112282848,0,194393.68042
118,1352.05445754,639.277629331,712.776828207,0,193754.402791
119,1352.05445754,641.621647305,710.432810233,0,193112.781144
120,1352.05445754,643.974260012,708.080197526,0,192468.806884
121,1352.05445754,646.335498966,705.718958573,0,191822.471385
122,1352.05445754,648.705395795,703.349061743,0,191173.765989
123,1352.05445754,651.083982246,700.970475292,0,190522.682007
124,1352.05445754,653.471290181,698.583167357,0,189869.210716
125,1352.05445754,655.867351579,696.18710596,0,189213.343365
126,1352.05445754,658.272198534,693.782259004,0,188555.071166
127,1352.05445754,660.685863262,691.368594276,0,187894.385303
128,1352.05445754,663.108378094,688.946079444,0,187231.276925
129,1352.05445754,665.539775481,686.514682058,0,186565.737149
130,1352.05445754,667.980087991,684.074369548,0,185897.757061
131,1352.05445754,670.429348313,681.625109225,0,185227.327713
132,1352.05445754,672.887589257,679.166868281,0,184554.440124
133,1352.05445754,675.354843751,676.699613787,0,183879.08528
134,1352.05445754,677.831144845,674.223312694,0,183201.254135
135,1352.05445754,680.316525709,671.737931829,0,182520.93761
136,1352.05445754,682.811019637,669.243437902,0,181838.12659
137,1352.05445754,685.314660042,666.739797496,0,181152.81193
138,1352.05445754,687.827480462,664.226977076,0,180464.984449
139,1352.05445754,690.349514558,661.704942981,0,179774.634935
140,1352.05445754,692.880796111,659.173661428,0,179081.754139
141,1352.05445754,695.42135903,656.633098509,0,178386.33278
142,1352.05445754,697.971237346,654.083220192,0,177688.361542
143,1352.05445754,700.530465217,651.523992322,0,176987.831077
144,1352.05445754,703.099076922,648.955380616,0,176284.732
145,1352.05445754,705.677106871,646.377350667,0,175579.054893
146,1352.05445754,708.264589596,643.789867942,0,174870.790304
147,1352.05445754,710.861559758,641.19289778,0,174159.928744
148,1352.05445754,713.468052144,638.586405395,0,173446.460692
149,1352.05445754,716.084101669,635.97035587,0,172730.37659
150,1352.05445754,718.709743375,633.344714164,0,172011.666847
151,1352.05445754,721.345012434,630.709445105,0,171290.321834
152,1352.05445754,723.989944146,628.064513393,0,170566.33189
153,1352.05445754,726.644573941,625.409883597,0,169839.687316
154,1352.05445754,729.308937379,622.74552016,0,169110.378379
155,1352.05445754,731.983070149,620.071387389,0,168378.395309
156,1352.05445754,734.667008073,617.387449465,0,167643.728301
157,1352.05445754,737.360787103,614.693670436,0,166906.367514
158,1352.05445754,740.064443322,611.990014216,0,166166.30307
159,1352.05445754,742.778012948,609.276444591,0,165423.525057
160,1352.05445754,745.501532329,606.55292521,0,164678.023525
161,1352.05445754,748.235037947,603.819419591,0,163929.788487
162,1352.05445754,750.97856642,601.075891119,0,163178.809921
163,1352.05445754,753.732154496,598.322303042,0,162425.077766
164,1352.05445754,756.495839063,595.558618476,0,161668.581927
165,1352.05445754,759.269657139,592.784800399,0,160909.31227
166,1352.05445754,762.053645882,590.000811656,0,160147.258624
167,1352.05445754,764.847842584,587.206614955,0,159382.410781
168,1352.05445754,767.652284673,584.402172865,0,158614.758497
169,1352.05445754,770.467009717,581.587447821,0,157844.291487
170,1352.05445754,773.292055419,578.762402119,0,157070.999432
171,1352.05445754,776.127459623,575.926997916,0,156294.871972
172,1352.05445754,778.973260308,573.081197231,0,155515.898712
173,1352.05445754,781.829495596,570.224961943,0,154734.069216
174,1352.05445754,784.696203746,567.358253792,0,153949.373012
175,1352.05445754,787.57342316,564.481034379,0,153161.799589
176,1352.05445754,790.461192378,561.59326516,0,152371.338397
177,1352.05445754,793.359550084,558.694907455,0,151577.978847
178,1352.05445754,796.268535101,555.785922438,0,150781.710312
179,1352.05445754,799.188186396,552.866271143,0,149982.522125
180,1352.05445754,802.118543079,549.935914459,0,149180.403582
181,1352.05445754,805.059644404,546.994813135,0,148375.343938
182,1352.05445754,808.011529767,544.042927772,0,147567.332408
183,1352.05445754,810.974238709,541.080218829,0,146756.358169
184,1352.05445754,813.947810918,538.106646621,0,145942.410358
185,1352.05445754,816.932286225,535.122171314,0,145125.478072
186,1352.05445754,819.927704607,532.126752931,0,144305.550368
187,1352.05445754,822.934106191,529.120351348,0,143482.616261
188,1352.05445754,825.951531247,526.102926291,0,142656.66473
189,1352.05445754,828.980020195,523.074437344,0,141827.68471
190,1352.05445754,832.019613602,520.034843936,0,140995.665096
191,1352.05445754,835.070352186,516.984105353,0,140160.594744
192,1352.05445754,838.13227681,513.922180728,0,139322.462467
193,1352.05445754,841.205428492,510.849029047,0,138481.257039
194,1352.05445754,844.289848396,507.764609142,0,137636.96719
195,1352.05445754,847.38557784,504.668879698,0,136789.581613
196,1352.05445754,850.492658293,501.561799246,0,135939.088954
197,1352.05445754,853.611131373,498.443326166,0,135085.477823
198,1352.05445754,856.741038855,495.313418684,0,134228.736784
199,1352.05445754,859.882422664,492.172034875,0,133368.854361
200,1352.05445754,863.03532488,489.019132658,0,132505.819036
201,1352.05445754,866.199787738,485.8546698,0,131639.619249
202,1352.05445754,869.375853626,482.678603912,0,130770.243395
203,1352.05445754,872.56356509,479.490892449,0,129897.67983
204,1352.05445754,875.762964828,476.29149271,0,129021.916865
205,1352.05445754,878.974095699,473.080361839,0,128142.94277
206,1352.05445754,882.197000717,469.857456822,0,127260.745769
207,1352.05445754,885.431723053,466.622734486,0,126375.314046
208,1352.05445754,888.678306038,463.376151501,0,125486.63574
209,1352.05445754,891.93679316,460.117664379,0,124594.698947
210,1352.05445754,895.207228068,456.847229471,0,123699.491718
211,1352.05445754,898.489654571,453.564802968,0,122801.002064
212,1352.05445754,901.784116638,450.270340901,0,121899.217947
213,1352.05445754,905.090658399,446.96379914,0,120994.127289
214,1352.05445754,908.409324146,443.645133392,0,120085.717965
215,1352.05445754,911.740158335,440.314299204,0,119173.977806
216,1352.05445754,915.083205582,436.971251957,0,118258.894601
217,1352.05445754,918.438510669,433.61594687,0,117340.45609
218,1352.05445754,921.806118541,430.248338997,0,116418.649972
219,1352.05445754,925.186074309,426.868383229,0,115493.463897
220,1352.05445754,928.578423249,423.47603429,0,114564.885474
221,1352.05445754,931.9832108,420.071246738,0,113632.902263
222,1352.05445754,935.400482573,416.653974965,0,112697.501781
223,1352.05445754,938.830284343,413.224173196,0,111758.671496
224,1352.05445754,942.272662052,409.781795486,0,110816.398834
225,1352.05445754,945.727661813,406.326795726,0,109870.671172
226,1352.05445754,949.195329906,402.859127632,0,108921.475843
227,1352.05445754,952.675712783,399.378744756,0,107968.80013
228,1352.05445754,956.168857063,395.885600476,0,107012.631273
229,1352.05445754,959.674809539,392.379648,0,106052.956463
230,1352.05445754,963.193617174,388.860840365,0,105089.762846
231,1352.05445754,966.725327103,385.329130435,0,104123.037519
232,1352.05445754,970.269986636,381.784470903,0,103152.767532
233,1352.05445754,973.827643254,378.226814285,0,102178.939889
234,1352.05445754,977.398344612,374.656112926,0,101201.541544
235,1352.05445754,980.982138542,371.072318996,0,100220.559406
236,1352.05445754,984.57907305,367.475384488,0,99235.9803328
237,1352.05445754,988.189196318,363.86526122,0,98247.7911365
238,1352.05445754,991.812556705,360.241900834,0,97255.9785798
239,1352.05445754,995.449202746,356.605254792,0,96260.529377
240,1352.05445754,999.099183156,352.955274382,0,95261.4301939
241,1352.05445754,1002.76254683,349.291910711,0,94258.667647
242,1352.05445754,1006.43934283,345.615114706,0,93252.2283042
243,1352.05445754,1010.12962042,341.924837115,0,92242.0986838
244,1352.05445754,1013.83342903,338.221028507,0,91228.2652547
245,1352.05445754,1017.55081827,334.503639267,0,90210.7144365
246,1352.05445754,1021.28183794,330.7726196,0,89189.4325985
247,1352.05445754,1025.02653801,327.027919528,0,88164.4060605
248,1352.05445754,1028.78496865,323.269488889,0,87135.6210919
249,1352.05445754,1032.5571802,319.497277337,0,86103.0639117
250,1352.05445754,1036.3432232,315.711234343,0,85066.7206885
251,1352.05445754,1040.14314835,311.911309191,0,84026.5775401
252,1352.05445754,1043.95700656,308.09745098,0,82982.6205336
253,1352.05445754,1047.78484892,304.269608623,0,81934.8356847
254,1352.05445754,1051.62672669,300.427730844,0,80883.208958
255,1352.05445754,1055.48269136,296.571766179,0,79827.7262666
256,1352.05445754,1059.35279456,292.701662978,0,78768.373472
257,1352.05445754,1063.23708814,288.817369397,0,77705.1363839
258,1352.05445754,1067.13562413,284.918833408,0,76638.0007598
259,1352.05445754,1071.04845475,281.006002786,0,75566.952305
260,1352.05445754,1074.97563242,277.078825118,0,74491.9766726
261,1352.05445754,1078.91720974,273.1372478,0,73413.0594629
262,1352.05445754,1082.87323951,269.18121803,0,72330.1862233
263,1352.05445754,1086.84377472,265.210682819,0,71243.3424486
264,1352.05445754,1090.82886856,261.225588978,0,70152.5135801
265,1352.05445754,1094.82857441,257.225883127,0,69057.6850057
266,1352.05445754,1098.84294585,253.211511687,0,67958.8420598
267,1352.05445754,1102.87203665,249.182420886,0,66855.9700232
268,1352.05445754,1106.91590079,245.138556752,0,65749.0541224
269,1352.05445754,1110.97459242,241.079865115,0,64638.0795299
270,1352.05445754,1115.04816593,237.00629161,0,63523.031364
271,1352.05445754,1119.13667587,232.917781668,0,62403.8946881
272,1352.05445754,1123.24017702,228.814280523,0,61280.6545111
273,1352.05445754,1127.35872433,224.695733207,0,60153.2957868
274,1352.05445754,1131.49237299,220.562084552,0,59021.8034138
275,1352.05445754,1135.64117835,216.413279184,0,57886.1622355
276,1352.05445754,1139.80519601,212.24926153,0,56746.3570394
277,1352.05445754,1143.98448173,208.069975811,0,55602.3725577
278,1352.05445754,1148.17909149,203.875366045,0,54454.1934662
279,1352.05445754,1152.3890815,199.665376043,0,53301.8043847
280,1352.05445754,1156.61450813,195.439949411,0,52145.1898766
281,1352.05445754,1160.85542799,191.199029548,0,50984.3344486
282,1352.05445754,1165.11189789,186.942559645,0,49819.2225507
283,1352.05445754,1169.38397485,182.670482686,0,48649.8385759
284,1352.05445754,1173.67171609,178.382741445,0,47476.1668598
285,1352.05445754,1177.97517905,174.079278486,0,46298.1916807
286,1352.05445754,1182.29442138,169.760036163,0,45115.8972593
287,1352.05445754,1186.62950092,165.424956618,0,43929.2677584
288,1352.05445754,1190.98047576,161.073981781,0,42738.2872827
289,1352.05445754,1195.34740417,156.70705337,0,41542.9398785
290,1352.05445754,1199.73034465,152.324112888,0,40343.2095338
291,1352.05445754,1204.12935591,147.925101624,0,39139.0801779
292,1352.05445754,1208.54449689,143.509960652,0,37930.535681
293,1352.05445754,1212.97582671,139.078630831,0,36717.5598543
294,1352.05445754,1217.42340474,134.631052799,0,35500.1364496
295,1352.05445754,1221.88729056,130.167166982,0,34278.249159
296,1352.05445754,1226.36754396,125.686913583,0,33051.8816151
297,1352.05445754,1230.86422495,121.190232589,0,31821.0173901
298,1352.05445754,1235.37739377,116.677063764,0,30585.6399964
299,1352.05445754,1239.90711089,112.147346653,0,29345.7328855
300,1352.05445754,1244.45343696,107.60102058,0,28101.2794485
301,1352.05445754,1249.01643289,103.038024645,0,26852.2630156
302,1352.05445754,1253.59615981,98.458297724,0,25598.6668558
303,1352.05445754,1258.19267907,93.8617784713,0,24340.4741767
304,1352.05445754,1262.80605222,89.2484053147,0,23077.6681245
305,1352.05445754,1267.43634108,84.6181164566,0,21810.2317834
306,1352.05445754,1272.08360767,79.9708498726,0,20538.1481758
307,1352.05445754,1276.74791423,75.3065433112,0,19261.4002615
308,1352.05445754,1281.42932325,70.6251342923,0,17979.9709383
309,1352.05445754,1286.12789743,65.9265601071,0,16693.8430409
310,1352.05445754,1290.84369972,61.2107578165,0,15402.9993411
311,1352.05445754,1295.57679329,56.4776642509,0,14107.4225479
312,1352.05445754,1300.32724153,51.7272160088,0,12807.0953063
313,1352.05445754,1305.09510808,46.9593494565,0,11502.0001982
314,1352.05445754,1309.88045681,42.1740007269,0,10192.1197414
315,1352.05445754,1314.68335182,37.3711057186,0,8877.43638961
316,1352.05445754,1319.50385744,32.5506000953,0,7557.93253217
317,1352.05445754,1324.34203825,27.7124192846,0,6233.59049392
318,1352.05445754,1329.19795906,22.8564984777,0,4904.39253486
319,1352.05445754,1334.07168491,17.9827726278,0,3570.32084995
320,1352.05445754,1338.96328109,13.0911764498,0,2231.35756886
321,1352.05445754,1343.87281312,8.18164441914,0,887.484755737
322,890.738866508,887.484755737,3.25411077104,0,0.0
,450371.535327,270461.315591,179910.219736
